function [ sam ] = sam_index( )


tab = [ 1979    1   0.20876E+00
 1979    2   0.35626E+00
 1979    3   0.89918E+00
 1979    4   0.67758E+00
 1979    5   0.72374E+00
 1979    6   0.17000E+01
 1979    7   0.24121E+01
 1979    8   0.54553E+00
 1979    9   0.62946E+00
 1979   10   0.15979E+00
 1979   11  -0.42253E+00
 1979   12  -0.95072E+00
 1980    1  -0.44703E+00
 1980    2  -0.97965E+00
 1980    3  -0.14244E+01
 1980    4  -0.20682E+01
 1980    5  -0.47865E+00
 1980    6   0.28570E+00
 1980    7  -0.19439E+01
 1980    8  -0.99681E+00
 1980    9  -0.17008E+01
 1980   10   0.57739E+00
 1980   11  -0.20129E+01
 1980   12  -0.35630E+00
 1981    1   0.23051E+00
 1981    2   0.39267E-01
 1981    3  -0.96553E+00
 1981    4  -0.14620E+01
 1981    5  -0.34396E+00
 1981    6   0.35170E+00
 1981    7  -0.98586E+00
 1981    8  -0.21183E+01
 1981    9  -0.15094E+01
 1981   10  -0.26034E+00
 1981   11   0.62557E+00
 1981   12   0.11164E+01
 1982    1  -0.55444E+00
 1982    2   0.27723E+00
 1982    3   0.16035E+01
 1982    4   0.15314E+01
 1982    5   0.11787E+00
 1982    6   0.92014E+00
 1982    7  -0.41472E+00
 1982    8   0.77928E+00
 1982    9   0.15800E+01
 1982   10  -0.70230E+00
 1982   11  -0.84918E+00
 1982   12  -0.19337E+01
 1983    1  -0.13404E+01
 1983    2  -0.10807E+01
 1983    3   0.16634E+00
 1983    4   0.14936E+00
 1983    5  -0.43722E+00
 1983    6  -0.26283E+00
 1983    7   0.11141E+01
 1983    8   0.79203E+00
 1983    9  -0.69597E+00
 1983   10   0.11935E+01
 1983   11   0.72742E+00
 1983   12   0.47547E+00
 1984    1  -0.10975E+01
 1984    2  -0.54370E+00
 1984    3   0.25086E+00
 1984    4  -0.20416E+00
 1984    5  -0.12374E+01
 1984    6   0.42608E+00
 1984    7   0.88960E+00
 1984    8  -0.54838E+00
 1984    9   0.32698E+00
 1984   10  -0.94038E-02
 1984   11  -0.24141E-01
 1984   12  -0.14756E+01
 1985    1  -0.79480E+00
 1985    2   0.21547E+00
 1985    3  -0.13361E+00
 1985    4   0.31482E-01
 1985    5  -0.66078E-01
 1985    6  -0.33069E+00
 1985    7   0.19137E+01
 1985    8   0.59477E+00
 1985    9   0.15073E+01
 1985   10   0.47077E+00
 1985   11   0.10847E+01
 1985   12   0.12403E+01
 1986    1   0.15782E+00
 1986    2  -0.15880E+01
 1986    3  -0.76959E+00
 1986    4  -0.86697E-01
 1986    5  -0.18466E+01
 1986    6  -0.61942E+00
 1986    7   0.89161E-01
 1986    8  -0.15702E+00
 1986    9   0.84868E+00
 1986   10   0.30566E+00
 1986   11  -0.22248E+00
 1986   12   0.88625E+00
 1987    1  -0.95036E+00
 1987    2  -0.70767E+00
 1987    3  -0.13266E+00
 1987    4  -0.28562E+00
 1987    5   0.38626E-01
 1987    6  -0.70187E+00
 1987    7  -0.15313E+01
 1987    8   0.14852E+01
 1987    9  -0.79889E+00
 1987   10   0.45548E+00
 1987   11   0.10604E+01
 1987   12   0.27229E+00
 1988    1  -0.61174E+00
 1988    2   0.55078E+00
 1988    3  -0.21904E+00
 1988    4  -0.76810E-01
 1988    5  -0.74860E+00
 1988    6  -0.10549E+01
 1988    7   0.57596E+00
 1988    8  -0.74491E+00
 1988    9  -0.68853E+00
 1988   10  -0.23140E+01
 1988   11   0.40101E+00
 1988   12   0.10745E+01
 1989    1   0.61845E+00
 1989    2   0.84892E+00
 1989    3   0.63212E+00
 1989    4  -0.57311E+00
 1989    5   0.26906E+01
 1989    6   0.19948E+01
 1989    7   0.14576E+01
 1989    8  -0.13188E+00
 1989    9  -0.12122E+00
 1989   10   0.13577E+00
 1989   11   0.57197E+00
 1989   12  -0.44505E+00
 1990    1  -0.35209E+00
 1990    2   0.11507E+01
 1990    3   0.41418E+00
 1990    4  -0.18786E+01
 1990    5  -0.18034E+01
 1990    6   0.93053E-01
 1990    7  -0.12151E+01
 1990    8   0.46573E+00
 1990    9   0.14816E+01
 1990   10   0.13895E+00
 1990   11  -0.35896E+00
 1990   12  -0.31165E+00
 1991    1   0.86888E+00
 1991    2  -0.85166E+00
 1991    3   0.52234E+00
 1991    4  -0.63940E+00
 1991    5  -0.53856E+00
 1991    6  -0.11546E+01
 1991    7  -0.12202E+01
 1991    8   0.35509E-01
 1991    9  -0.51302E+00
 1991   10  -0.62321E+00
 1991   11  -0.80417E+00
 1991   12  -0.20675E+01
 1992    1   0.72613E-01
 1992    2  -0.16268E+01
 1992    3  -0.10103E+01
 1992    4  -0.43934E+00
 1992    5  -0.20320E+01
 1992    6  -0.21933E+01
 1992    7  -0.56617E+00
 1992    8  -0.34953E+00
 1992    9   0.43496E+00
 1992   10  -0.31941E+00
 1992   11   0.12184E+00
 1992   12   0.24361E+00
 1993    1  -0.20206E+01
 1993    2   0.43704E+00
 1993    3  -0.37760E+00
 1993    4   0.87213E-01
 1993    5   0.12599E+01
 1993    6   0.12179E+01
 1993    7   0.19571E+01
 1993    8   0.10829E+01
 1993    9   0.10610E+01
 1993   10   0.74815E+00
 1993   11   0.32366E+00
 1993   12   0.10281E+01
 1994    1   0.72266E+00
 1994    2   0.11570E+01
 1994    3   0.69334E+00
 1994    4  -0.52455E-01
 1994    5  -0.15272E+00
 1994    6  -0.16819E+01
 1994    7  -0.49223E+00
 1994    8   0.19099E+01
 1994    9  -0.94705E+00
 1994   10  -0.57777E+00
 1994   11  -0.79257E+00
 1994   12   0.93274E+00
 1995    1   0.14485E+01
 1995    2   0.53290E+00
 1995    3  -0.15439E+00
 1995    4   0.64880E+00
 1995    5   0.13967E+01
 1995    6  -0.80197E+00
 1995    7  -0.30097E+01
 1995    8  -0.69647E+00
 1995    9   0.11733E+01
 1995   10  -0.57030E-01
 1995   11   0.14288E+00
 1995   12   0.14697E+01
 1996    1   0.33207E+00
 1996    2  -0.52495E+00
 1996    3   0.54346E+00
 1996    4   0.11500E+00
 1996    5   0.98317E+00
 1996    6  -0.25202E+00
 1996    7   0.20894E-01
 1996    8  -0.15019E+01
 1996    9  -0.13144E+01
 1996   10   0.96575E+00
 1996   11  -0.16669E+01
 1996   12  -0.23099E-01
 1997    1   0.36892E+00
 1997    2  -0.24424E+00
 1997    3   0.70105E+00
 1997    4  -0.45757E+00
 1997    5   0.10281E+01
 1997    6  -0.45756E+00
 1997    7   0.77965E+00
 1997    8   0.76835E+00
 1997    9   0.12218E+00
 1997   10  -0.59473E+00
 1997   11  -0.19046E+01
 1997   12  -0.83550E+00
 1998    1   0.41253E+00
 1998    2   0.38955E+00
 1998    3   0.73592E+00
 1998    4   0.19273E+01
 1998    5  -0.38082E-01
 1998    6   0.10310E+01
 1998    7   0.14500E+01
 1998    8   0.90409E+00
 1998    9  -0.12241E+00
 1998   10   0.39953E+00
 1998   11   0.81718E+00
 1998   12   0.14352E+01
 1999    1   0.99911E+00
 1999    2   0.45588E+00
 1999    3   0.18045E+00
 1999    4   0.94944E+00
 1999    5   0.16390E+01
 1999    6  -0.13249E+01
 1999    7   0.31563E+00
 1999    8   0.41873E-01
 1999    9  -0.12090E-01
 1999   10   0.16535E+01
 1999   11   0.90061E+00
 1999   12   0.17838E+01
 2000    1   0.12734E+01
 2000    2   0.61973E+00
 2000    3   0.13306E+00
 2000    4   0.23268E+00
 2000    5   0.11271E+01
 2000    6   0.11723E+00
 2000    7   0.58592E-01
 2000    8  -0.67355E+00
 2000    9  -0.18529E+01
 2000   10   0.34702E+00
 2000   11  -0.15371E+01
 2000   12  -0.12903E+01
 2001    1  -0.47094E+00
 2001    2  -0.26488E+00
 2001    3  -0.55477E+00
 2001    4   0.51496E+00
 2001    5  -0.26218E+00
 2001    6   0.38614E+00
 2001    7  -0.92825E+00
 2001    8   0.91032E+00
 2001    9   0.11614E+01
 2001   10   0.12771E+01
 2001   11   0.99582E+00
 2001   12   0.14736E+01
 2002    1   0.74686E+00
 2002    2   0.13341E+01
 2002    3  -0.18235E+01
 2002    4   0.16496E+00
 2002    5  -0.27985E+01
 2002    6  -0.11120E+01
 2002    7  -0.59095E+00
 2002    8  -0.99384E-01
 2002    9  -0.86450E+00
 2002   10  -0.25640E+01
 2002   11  -0.92353E+00
 2002   12   0.13085E+01
 2003    1  -0.98788E+00
 2003    2  -0.35690E+00
 2003    3  -0.18770E+00
 2003    4   0.22431E+00
 2003    5   0.38450E+00
 2003    6  -0.77451E+00
 2003    7   0.72701E+00
 2003    8   0.67797E+00
 2003    9  -0.32308E+00
 2003   10  -0.24886E-01
 2003   11  -0.71165E+00
 2003   12  -0.13229E+01
 2004    1   0.80710E+00
 2004    2  -0.11819E+01
 2004    3   0.43168E+00
 2004    4   0.15104E+00
 2004    5   0.45958E+00
 2004    6   0.11954E+01
 2004    7   0.14743E+01
 2004    8  -0.71150E-01
 2004    9   0.25359E+00
 2004   10  -0.42488E-01
 2004   11  -0.24220E+00
 2004   12  -0.97289E+00
 2005    1  -0.12874E+00
 2005    2   0.12435E+01
 2005    3   0.15831E+00
 2005    4   0.35544E+00
 2005    5  -0.29732E+00
 2005    6  -0.14277E+01
