1,NaN,0.097531,0.044922,0.30106,0.19494,0.11227,0.58695,0.2252,0.33444,0.024932,NaN,0.024932,0.089363,0.0076634,0.53215,0.19494,0.43412,0.58695,0.33185,0.7629,0.091751,0.32038,1,0.58695,0.070698,0.67379,0.068858,0.57956,0.0086821,0.68615,0.54701,0.94335,0.068332,NaN,0.58695,0.54988,0.41575,0.070698,NaN,0.58695,0.18673,0.8544,0.18019,0.37828,0.36233,0.71194,0.57956,0.44894,0.68615,0.57956,0.36233,0.84619,0.19494,0.58695,0.007474,0.58695,0.91404,0.91404,0.43412,0.54988,0.7317,0.19003,0.8544,0.8544,0.43412,0.076684,0.10557,0.58695,0.30106,0.0086821,0.25063,0.8544,0.81601,0.37828,0.36233,0.94335,0.070698,0.91404,0.91404,0.1305,0.23497,0.7317
NaN,NaN,NaN,NaN,NaN,NaN,NaN,NaN,NaN,NaN,NaN,NaN,NaN,NaN,NaN,NaN,NaN,NaN,NaN,NaN,NaN,NaN,NaN,NaN,NaN,NaN,NaN,NaN,NaN,NaN,NaN,NaN,NaN,NaN,NaN,NaN,NaN,NaN,NaN,NaN,NaN,NaN,NaN,NaN,NaN,NaN,NaN,NaN,NaN,NaN,NaN,NaN,NaN,NaN,NaN,NaN,NaN,NaN,NaN,NaN,NaN,NaN,NaN,NaN,NaN,NaN,NaN,NaN,NaN,NaN,NaN,NaN,NaN,NaN,NaN,NaN,NaN,NaN,NaN,NaN,NaN,NaN,NaN
0.097531,NaN,1,0.54701,0.097531,0.074495,1,0.028388,0.75805,0.42159,0.87829,NaN,0.47312,9.2365e-08,0.87829,0.051507,0.69225,0.15924,0.028388,0.87829,0.82298,0.52804,0.56264,0.38358,0.65052,0.65052,0.22362,0.91509,0.82298,0.074495,0.47064,0.28057,0.074495,0.41649,NaN,0.65052,0.0031935,0.097531,0.028388,NaN,0.65052,0.17961,0.47312,0.95658,0.00097799,0.16528,0.23273,0.23515,0.52804,0.41649,0.23515,0.16528,0.8856,0.074495,0.65052,0.00097799,0.65052,0.097531,0.097531,0.51456,0.47312,0.38074,0.8856,0.87829,0.87829,0.51456,0.67379,0.80095,0.65052,0.67379,0.69225,0.33925,0.47312,0.18962,0.22834,0.8856,0.33925,0.028388,0.097531,0.097531,0.30717,0.95658,0.32329
0.044922,NaN,0.54701,1,0.91404,0.94335,0.43412,0.58695,0.2252,0.33444,0.54988,NaN,0.54988,0.43412,0.00025256,0.53215,0.25063,0.089363,0.58695,0.33185,0.57956,0.39373,0.32038,1,0.070698,0.58695,0.67379,0.88571,0.7629,0.94335,0.68615,0.097531,0.94335,0.32912,NaN,0.58695,0.8544,0.076684,0.070698,NaN,0.58695,0.18673,0.8544,0.18019,0.37828,0.84619,0.67776,0.24274,0.091751,0.32912,0.24274,0.19003,0.84619,0.94335,0.58695,0.37828,0.58695,0.91404,0.91404,0.37828,0.54988,0.62393,0.84619,0.54988,0.8544,0.37828,0.41575,0.53215,0.58695,0.30106,0.0086821,0.25063,0.33185,0.57576,0.37828,0.038202,0.19494,0.070698,0.91404,0.91404,0.50089,0.7317,0.7317
0.30106,NaN,0.097531,0.91404,1,0.94335,0.43412,0.58695,0.67776,0.016124,0.8544,NaN,0.1623,0.089363,0.54988,4.0078e-07,0.19494,0.91734,0.58695,0.8544,0.24274,0.96243,0.43412,0.014398,0.58695,0.58695,0.67379,0.50089,0.7629,0.94335,0.32912,0.14266,0.25063,0.68615,NaN,0.58695,0.8544,0.30106,0.58695,NaN,0.58695,0.73384,0.8544,0.62393,0.37828,0.36233,0.045685,0.15279,0.44894,0.32912,0.15279,0.36233,0.36233,0.94335,0.58695,0.37828,0.58695,0.41575,0.41575,0.37828,0.8544,0.23497,0.19003,0.1623,0.073879,0.43412,0.30106,0.18673,0.58695,0.91404,0.94335,0.94335,0.1623,0.30206,0.43412,0.19003,0.25063,0.58695,0.30106,0.30106,0.50089,0.62393,0.23497
0.19494,NaN,0.074495,0.94335,0.94335,1,1,0.72099,0.42774,0.081114,0.36189,NaN,0.90386,0.018542,0.90386,0.82298,0.010465,0.94553,0.72099,0.90386,0.84265,0.57576,0.94553,0.30138,0.72099,0.72099,0.69225,0.081114,0.17961,0.4522,0.5224,0.69225,0.4522,0.23724,NaN,0.72099,0.24621,0.19494,0.0043649,NaN,0.72099,0.29244,0.90386,0.43726,7.9762e-06,0.034381,0.19646,0.35109,0.11377,0.23724,0.35109,0.034381,0.39201,0.39714,0.72099,0.088411,0.72099,0.19494,0.19494,0.60763,0.36189,0.74715,0.39201,0.90386,0.90386,0.60763,0.19494,0.12896,0.72099,0.94335,0.39714,0.4522,0.36189,0.49897,0.60763,0.55024,0.4522,0.0043649,0.94335,0.94335,0.12297,0.054402,0.74715
0.11227,NaN,1,0.43412,0.43412,1,1,0.32481,0.088984,0.48797,0.17961,NaN,2.9378e-06,0.25676,0.17961,0.68267,1,0.00017631,0.32481,0.040245,1,0.081934,0.70795,0.74106,0.32481,0.32481,0.075767,0.48797,0.14038,0.30138,0.55949,0.38358,1,0.073324,NaN,0.32481,0.50682,0.11227,0.32481,NaN,0.32481,0.21504,1,0.070204,1,0.15535,0.31467,1,0.73384,0.55949,1,0.64055,0.64055,1,0.32481,0.15388,0.32481,0.43412,0.43412,0.15388,1,0.72392,0.64055,0.17961,0.17961,1,1,0.68267,0.32481,1,1,1,1,1,1,0.15535,0.30138,0.32481,1,1,1,0.72392,0.72392
0.58695,NaN,0.028388,0.58695,0.58695,0.72099,0.32481,1,0.38243,0.17961,0.29586,NaN,0.29586,0.096018,0.35367,0.61814,0.72099,0.55663,4.8867e-252,0.29586,0.12297,0.20858,0.55663,0.32481,0.86491,0.86491,0.65052,0.46868,0.52693,0.72099,0.76099,0.65052,0.0043649,0.76099,NaN,0.86491,0.29586,0.070698,0.86491,NaN,0.86491,0.61814,0.29586,0.15098,0.80693,0.68457,0.38243,0.12297,0.20858,0.76099,0.12297,0.013587,0.68457,0.72099,0.86491,0.80693,0.86491,0.58695,0.58695,0.80693,0.29586,0.49766,0.013587,0.29586,0.35367,0.80693,0.58695,0.61814,0.86491,0.58695,0.72099,0.72099,0.29586,0.23768,0.80693,0.68457,0.72099,0.86491,0.58695,0.58695,0.17961,0.49766,0.49766
0.2252,NaN,0.75805,0.2252,0.67776,0.42774,0.088984,0.38243,1,0.83781,0.96874,NaN,0.18994,0.46259,0.16374,0.45139,0.42774,0.98232,0.38243,6.4683e-10,0.76366,0.85625,0.43567,0.73931,0.38243,0.38243,0.75805,0.62269,0.6673,0.80807,0.42547,0.75805,0.42774,0.11355,NaN,0.38243,0.96874,0.67776,0.38243,NaN,0.2668,0.94216,0.47888,0.91676,0.86794,0.25269,0.79783,0.29881,0.2298,0.70419,0.29881,0.25269,0.8467,0.80807,0.2668,0.86794,0.38243,0.67776,0.67776,0.20672,0.96874,0.91676,0.8467,0.18994,0.034851,0.10696,0.71194,0.94216,0.2668,0.2252,0.0612,0.80807,0.96874,0.90509,0.86794,0.25269,0.42774,0.38243,0.71194,0.71194,0.22996,0.54322,0.54322
0.33444,NaN,0.42159,0.33444,0.016124,0.081114,0.48797,0.17961,0.83781,1,0.059568,NaN,0.65376,0.51764,0.80693,0.028388,0.65836,0.14654,0.17961,0.80693,0.00015604,0.058422,0.080866,0.00010706,0.17961,0.46868,0.42159,0.038753,0.72099,0.65836,0.24664,0.42159,0.081114,0.24664,NaN,0.17961,0.80693,0.50089,0.17961,NaN,0.46868,0.68727,0.65376,0.51327,0.66541,0.45373,0.83781,0.72099,0.7696,0.94288,0.72099,0.22278,0.45373,0.65836,0.46868,0.66541,0.46868,0.068858,0.068858,0.66541,0.24933,0.51327,0.45373,0.34569,0.65376,0.29586,0.50089,0.68727,0.46868,0.1305,0.65836,0.12297,0.34569,0.45537,0.66541,0.22278,0.52693,0.17961,0.50089,0.50089,0.86491,0.015988,0.026987
0.024932,NaN,0.87829,0.54988,0.8544,0.36189,0.17961,0.29586,0.96874,0.059568,1,NaN,0.094191,0.56543,0.30685,0.15627,0.90386,0.35109,0.29586,0.32613,0.60763,2.1976e-06,0.85995,1,0.35367,0.29586,0.47312,0.059568,0.83088,0.90386,0.092285,0.47312,0.24621,0.6305,NaN,0.29586,0.094191,0.33185,0.35367,NaN,0.29586,0.8098,0.32613,0.038998,0.9341,0.5445,0.16374,0.34412,0.54701,0.6305,0.34412,0.5445,0.5445,0.36189,0.35367,0.17961,0.29586,0.33185,0.33185,0.9341,0.32613,0.9007,0.11681,0.72548,0.72548,0.12962,0.8544,0.8098,0.29586,0.8544,0.90386,0.90386,0.32613,0.33925,0.9341,0.20056,0.36189,0.35367,0.54988,0.54988,0.096018,0.40295,0.40295
NaN,NaN,NaN,NaN,NaN,NaN,NaN,NaN,NaN,NaN,NaN,NaN,NaN,NaN,NaN,NaN,NaN,NaN,NaN,NaN,NaN,NaN,NaN,NaN,NaN,NaN,NaN,NaN,NaN,NaN,NaN,NaN,NaN,NaN,NaN,NaN,NaN,NaN,NaN,NaN,NaN,NaN,NaN,NaN,NaN,NaN,NaN,NaN,NaN,NaN,NaN,NaN,NaN,NaN,NaN,NaN,NaN,NaN,NaN,NaN,NaN,NaN,NaN,NaN,NaN,NaN,NaN,NaN,NaN,NaN,NaN,NaN,NaN,NaN,NaN,NaN,NaN,NaN,NaN,NaN,NaN,NaN,NaN
0.024932,NaN,0.47312,0.54988,0.1623,0.90386,2.9378e-06,0.29586,0.18994,0.65376,0.094191,NaN,1,0.35109,0.72548,0.8098,0.90386,0.010707,0.29586,0.30685,0.60763,0.19418,0.56543,1,0.35367,0.35367,0.47312,0.65376,0.20993,0.36189,0.092285,0.87829,0.90386,0.092285,NaN,0.35367,0.72548,0.33185,0.35367,NaN,0.29586,0.053294,0.75499,0.003929,0.9341,0.20056,0.16374,0.60763,0.93618,0.49113,0.60763,0.74149,0.74149,0.90386,0.29586,0.17961,0.29586,0.8544,0.8544,0.17961,0.30685,0.11666,0.5445,0.094191,0.086264,0.9341,0.073879,0.15627,0.29586,0.8544,0.36189,0.24621,0.30685,0.28139,0.9341,0.20056,0.36189,0.35367,0.8544,0.8544,0.65376,0.9007,0.55936
0.089363,NaN,9.2365e-08,0.43412,0.089363,0.018542,0.25676,0.096018,0.46259,0.51764,0.56543,NaN,0.35109,1,0.56543,0.039977,0.94553,0.59957,0.096018,0.17961,0.59432,0.73384,0.23578,0.25676,0.55663,0.55663,0.6857,0.89008,0.77179,0.26973,0.7858,0.6857,0.26973,0.7858,NaN,0.55663,0.17961,0.43412,0.096018,NaN,0.55663,0.078912,0.85995,0.38117,0.014233,0.47297,0.98232,0.046182,0.2246,0.29053,0.046182,0.069059,0.47297,0.26973,0.55663,0.014233,0.55663,0.43412,0.43412,0.39714,0.85995,0.46393,0.47297,0.35109,0.17961,0.39714,0.91734,0.89173,0.55663,0.32038,0.94553,0.21317,0.85995,0.59063,0.4522,0.47297,0.94553,0.096018,0.089363,0.089363,0.35367,0.94373,0.38117
0.0076634,NaN,0.87829,0.00025256,0.54988,0.90386,0.17961,0.35367,0.16374,0.80693,0.30685,NaN,0.72548,0.56543,1,0.28545,0.36189,0.17961,0.35367,0.094191,0.60763,0.44475,0.086324,0.50682,0.29586,0.29586,0.87829,0.80693,0.34412,0.24621,0.6305,0.30334,0.36189,0.6305,NaN,0.35367,0.75499,0.54988,0.29586,NaN,0.35367,0.56264,0.75499,0.40295,0.9341,0.74149,0.96874,0.20993,0.14266,0.6305,0.20993,0.20056,0.74149,0.24621,0.35367,0.12962,0.29586,0.54988,0.54988,0.9341,0.30685,0.11666,0.5445,0.72548,0.75499,0.9341,0.8544,0.56264,0.35367,0.073879,0.023637,0.90386,0.30685,0.28139,0.9341,0.5445,0.90386,0.29586,0.33185,0.33185,0.059568,0.55936,0.1913
0.53215,NaN,0.051507,0.53215,4.0078e-07,0.82298,0.68267,0.61814,0.45139,0.028388,0.15627,NaN,0.8098,0.039977,0.28545,1,0.82298,0.89173,0.61814,0.8098,0.33925,0.78565,0.89173,0.21504,0.61814,0.61814,0.80095,0.68727,0.39635,0.12896,0.37093,0.17961,0.82298,0.37093,NaN,0.61814,0.56264,0.18673,0.61814,NaN,0.61814,0.1387,0.8098,0.51969,0.30334,0.25836,0.10866,0.39635,0.78565,0.37093,0.39635,0.97295,0.25836,0.82298,0.61814,0.30334,0.61814,0.53215,0.53215,0.30334,0.56264,0.12278,0.23002,0.053294,0.15627,0.30334,0.18673,0.10819,0.61814,0.53215,0.29244,0.82298,0.28545,0.46227,0.47312,0.23002,0.29244,0.61814,0.18673,0.18673,0.65052,0.265,0.51969
0.19494,NaN,0.69225,0.25063,0.19494,0.010465,1,0.72099,0.42774,0.65836,0.90386,NaN,0.90386,0.94553,0.36189,0.82298,1,0.21317,0.72099,0.90386,0.84265,0.61909,0.26973,0.30138,0.72099,0.0043649,0.33925,0.65836,0.84265,0.39714,0.5224,0.33925,0.4522,0.23724,NaN,0.72099,0.90386,0.19494,0.72099,NaN,0.72099,0.12896,0.24621,0.74715,0.088411,0.034381,0.19646,0.35109,0.0056958,0.0012618,0.35109,0.034381,0.39201,0.4522,0.72099,0.60763,0.72099,0.94335,0.94335,0.60763,0.046182,0.14963,0.39201,0.023637,0.046182,0.60763,0.19494,0.12896,0.72099,0.94335,0.39714,0.4522,0.046182,0.078912,0.60763,0.39201,0.4522,0.72099,0.25063,0.25063,0.12297,0.054402,0.74715
0.43412,NaN,0.15924,0.089363,0.91734,0.94553,0.00017631,0.55663,0.98232,0.14654,0.35109,NaN,0.010707,0.59957,0.17961,0.89173,0.21317,1,0.55663,0.56543,0.26177,0.26237,0.23578,0.25676,0.096018,0.55663,0.15924,0.51764,0.26177,0.26973,0.1043,0.012976,0.26973,0.7858,NaN,0.096018,0.17961,0.91734,0.096018,NaN,0.55663,0.28407,0.35109,0.014682,0.4522,0.47297,0.43567,0.59432,0.26237,0.29053,0.59432,0.73225,0.73225,0.26973,0.55663,0.014233,0.55663,0.43412,0.43412,0.014233,0.85995,0.46393,0.47297,0.35109,0.56543,0.4522,0.32038,0.42761,0.55663,0.43412,0.94553,0.26973,0.56543,0.82298,0.4522,0.47297,0.94553,0.096018,0.43412,0.43412,0.89008,0.94373,0.94373
0.58695,NaN,0.028388,0.58695,0.58695,0.72099,0.32481,4.8867e-252,0.38243,0.17961,0.29586,NaN,0.29586,0.096018,0.35367,0.61814,0.72099,0.55663,1,0.29586,0.12297,0.20858,0.55663,0.32481,0.86491,0.86491,0.65052,0.46868,0.52693,0.72099,0.76099,0.65052,0.0043649,0.76099,NaN,0.86491,0.29586,0.070698,0.86491,NaN,0.86491,0.61814,0.29586,0.15098,0.80693,0.68457,0.38243,0.12297,0.20858,0.76099,0.12297,0.013587,0.68457,0.72099,0.86491,0.80693,0.86491,0.58695,0.58695,0.80693,0.29586,0.49766,0.013587,0.29586,0.35367,0.80693,0.58695,0.61814,0.86491,0.58695,0.72099,0.72099,0.29586,0.23768,0.80693,0.68457,0.72099,0.86491,0.58695,0.58695,0.17961,0.49766,0.49766
0.33185,NaN,0.87829,0.33185,0.8544,0.90386,0.040245,0.29586,6.4683e-10,0.80693,0.32613,NaN,0.30685,0.17961,0.094191,0.8098,0.90386,0.56543,0.29586,1,0.60763,0.93618,0.35109,0.50682,0.29586,0.29586,0.87829,0.24933,0.83088,0.90386,0.6305,0.87829,0.24621,0.056682,NaN,0.29586,0.75499,0.8544,0.29586,NaN,0.35367,0.8098,0.75499,0.9007,0.9341,0.5445,0.16374,0.088411,0.19418,0.6305,0.088411,0.11681,0.5445,0.90386,0.35367,0.9341,0.29586,0.8544,0.8544,0.12962,0.72548,0.40295,0.5445,0.30685,0.094191,0.17961,0.54988,0.8098,0.35367,0.33185,0.24621,0.90386,0.72548,0.69225,0.9341,0.5445,0.90386,0.29586,0.8544,0.8544,0.65376,0.9007,0.55936
0.7629,NaN,0.82298,0.57956,0.24274,0.84265,1,0.12297,0.76366,0.00015604,0.60763,NaN,0.60763,0.59432,0.60763,0.33925,0.84265,0.26177,0.12297,0.60763,1,0.16753,0.16977,0.0017689,0.12297,0.52693,0.82298,0.26008,0.094191,0.35109,0.1466,0.82298,0.00048928,0.88052,NaN,0.12297,0.83088,0.7629,0.52693,NaN,0.52693,0.39635,0.34412,0.85537,0.36189,0.12537,0.76366,0.4522,0.538,0.88052,0.4522,0.58723,0.12537,0.17961,0.52693,0.36189,0.52693,0.15279,0.15279,0.52472,0.60763,0.85537,0.62959,0.34412,0.20993,0.52472,0.7629,0.95796,0.52693,0.24274,0.84265,0.17961,0.088411,0.15924,0.52472,0.62959,0.84265,0.52693,0.24274,0.24274,0.72099,0.026009,0.0081353
0.091751,NaN,0.52804,0.39373,0.96243,0.57576,0.081934,0.20858,0.85625,0.058422,2.1976e-06,NaN,0.19418,0.73384,0.44475,0.78565,0.61909,0.26237,0.20858,0.93618,0.16753,1,0.2246,0.3041,0.43987,0.20858,0.034206,0.0069348,0.16753,0.57576,0.16298,0.79314,0.57576,0.16298,NaN,0.43987,0.042755,0.11279,0.43987,NaN,0.20858,0.78565,0.19418,0.035681,0.73384,0.038289,0.85625,0.89531,0.9836,0.86016,0.89531,0.93255,0.93255,0.57576,0.43987,0.26486,0.20858,0.44894,0.44894,0.73384,0.54701,0.88114,0.29233,0.54701,0.44475,0.73384,0.96243,0.56882,0.20858,0.44894,0.61909,0.61909,0.54701,0.65463,0.73384,0.3789,0.57576,0.43987,0.39373,0.39373,0.7696,0.88114,0.88114
0.32038,NaN,0.56264,0.32038,0.43412,0.94553,0.70795,0.55663,0.43567,0.080866,0.85995,NaN,0.56543,0.23578,0.086324,0.89173,0.26973,0.23578,0.55663,0.35109,0.16977,0.2246,1,0.0053999,0.55663,0.55663,0.11174,0.0086727,0.023637,0.21317,0.29053,0.11174,0.21317,0.7858,NaN,0.55663,0.086324,0.32038,0.55663,NaN,0.096018,0.28407,0.17961,0.087405,0.4522,0.47297,0.46259,0.77179,0.66652,0.7858,0.77179,0.47297,0.73225,0.94553,0.096018,0.39714,0.55663,0.32038,0.32038,0.39714,0.85995,0.94373,0.73225,0.85995,0.85995,0.4522,0.91734,0.89173,0.55663,0.32038,0.21317,0.94553,0.85995,0.82298,0.39714,0.73225,0.94553,0.55663,0.91734,0.91734,0.89008,0.46393,0.38117
1,NaN,0.38358,1,0.014398,0.30138,0.74106,0.32481,0.73931,0.00010706,1,NaN,1,0.25676,0.50682,0.21504,0.30138,0.25676,0.32481,0.50682,0.0017689,0.3041,0.0053999,1,0.32481,0.32481,0.38358,0.16047,0.46682,1,0.55949,0.38358,0.033715,0.55949,NaN,0.32481,0.50682,1,0.32481,NaN,0.32481,0.21504,0.50682,0.72392,1,0.15535,0.31467,0.46682,0.73384,0.55949,0.46682,0.64055,0.64055,1,0.32481,1,0.32481,0.014398,0.014398,1,0.50682,0.72392,0.15535,0.50682,0.50682,1,1,0.68267,0.32481,0.43412,0.30138,1,0.50682,0.50077,1,0.15535,0.30138,0.32481,1,1,1,0.28541,0.28541
0.58695,NaN,0.65052,0.070698,0.58695,0.72099,0.32481,0.86491,0.38243,0.17961,0.35367,NaN,0.35367,0.55663,0.29586,0.61814,0.72099,0.096018,0.86491,0.29586,0.12297,0.43987,0.55663,0.32481,1,0.86491,0.65052,0.46868,0.52693,0.72099,0.76099,0.65052,0.72099,0.76099,NaN,0.86491,0.35367,0.58695,0.86491,NaN,0.86491,0.047814,0.29586,0.49766,0.80693,0.68457,0.38243,0.52693,0.43987,0.76099,0.52693,0.68457,0.68457,0.72099,0.86491,0.80693,0.86491,0.58695,0.58695,4.8021e-06,0.35367,0.49766,0.68457,0.35367,0.29586,0.80693,0.58695,0.61814,0.86491,0.58695,0.72099,0.72099,0.29586,0.23768,0.80693,0.013587,0.0043649,0.86491,0.58695,0.58695,0.46868,0.15098,0.49766
0.070698,NaN,0.65052,0.58695,0.58695,0.72099,0.32481,0.86491,0.38243,0.46868,0.29586,NaN,0.35367,0.55663,0.29586,0.61814,0.0043649,0.55663,0.86491,0.29586,0.52693,0.20858,0.55663,0.32481,0.86491,1,0.65052,0.46868,0.12297,0.0043649,0.76099,0.65052,0.72099,0.76099,NaN,0.86491,0.35367,0.58695,0.86491,NaN,0.86491,0.047814,0.29586,0.49766,0.80693,0.013587,0.2668,0.52693,0.20858,0.00057999,0.52693,0.68457,0.68457,0.72099,0.86491,0.80693,0.86491,0.58695,0.58695,0.80693,0.35367,0.49766,0.68457,0.29586,0.35367,0.80693,0.58695,0.61814,0.86491,0.070698,0.0043649,0.72099,0.35367,0.41115,0.80693,0.68457,0.72099,0.86491,0.58695,0.58695,0.46868,0.15098,0.49766
0.67379,NaN,0.22362,0.67379,0.67379,0.69225,0.075767,0.65052,0.75805,0.42159,0.47312,NaN,0.47312,0.6857,0.87829,0.80095,0.33925,0.15924,0.65052,0.87829,0.82298,0.034206,0.11174,0.38358,0.65052,0.65052,1,0.080584,0.027297,0.33925,0.019077,0.28057,0.69225,0.019077,NaN,0.028388,0.47312,0.67379,0.65052,NaN,0.65052,0.80095,0.87829,0.95658,0.51456,0.27613,0.57156,0.82298,0.79314,0.41649,0.82298,0.16528,0.27613,0.33925,0.65052,0.51456,0.65052,0.67379,0.67379,0.51456,0.30334,0.32329,0.8856,0.87829,0.87829,0.51456,0.54701,0.41028,0.65052,0.67379,0.33925,0.69225,0.87829,0.64076,0.51456,0.27613,0.33925,0.65052,0.54701,0.54701,0.91509,0.95658,0.95658
0.068858,NaN,0.91509,0.88571,0.50089,0.081114,0.48797,0.46868,0.62269,0.038753,0.059568,NaN,0.65376,0.89008,0.80693,0.68727,0.65836,0.51764,0.46868,0.24933,0.26008,0.0069348,0.0086727,0.16047,0.46868,0.46868,0.080584,1,0.053759,0.52693,0.24664,0.91509,0.52693,0.24664,NaN,0.17961,0.80693,0.33444,0.17961,NaN,0.46868,0.68727,0.65376,0.51327,0.66541,0.45373,0.62269,0.68777,0.67541,0.94288,0.68777,0.8184,0.45373,0.52693,0.46868,0.050206,0.46868,0.88571,0.88571,0.29586,0.34569,0.11061,0.45373,0.65376,0.80693,0.66541,0.50089,0.68727,0.46868,0.50089,0.52693,0.12297,0.80693,0.45537,0.29586,0.8184,0.65836,0.17961,0.88571,0.88571,0.86491,0.11061,0.15793
0.57956,NaN,0.82298,0.7629,0.7629,0.17961,0.14038,0.52693,0.6673,0.72099,0.83088,NaN,0.20993,0.77179,0.34412,0.39635,0.84265,0.26177,0.52693,0.83088,0.094191,0.16753,0.023637,0.46682,0.52693,0.12297,0.027297,0.053759,1,0.00048928,0.0039007,0.82298,0.033616,0.88052,NaN,0.12297,0.34412,0.57956,0.52693,NaN,0.52693,0.95796,0.83088,0.85537,0.36189,0.62959,0.76366,0.11547,0.16753,0.88052,0.11547,0.62959,0.12537,0.84265,0.52693,0.52472,0.52693,0.7629,0.7629,0.36189,0.60763,0.85537,0.62959,0.34412,0.20993,0.52472,0.57956,0.39635,0.52693,0.24274,0.84265,0.17961,0.60763,0.40809,0.52472,0.12537,0.17961,0.52693,0.57956,0.57956,0.72099,0.55258,0.33517
0.0086821,NaN,0.074495,0.94335,0.94335,0.4522,0.30138,0.72099,0.80807,0.65836,0.90386,NaN,0.36189,0.26973,0.24621,0.12896,0.39714,0.26973,0.72099,0.90386,0.35109,0.57576,0.21317,1,0.72099,0.0043649,0.33925,0.52693,0.00048928,1,0.23724,0.69225,0.010465,0.5224,NaN,0.72099,0.90386,0.94335,0.72099,NaN,0.72099,0.82298,0.90386,0.74715,0.60763,0.55024,0.80807,0.17961,0.57576,0.23724,0.17961,0.39201,0.39201,0.39714,0.72099,0.088411,0.72099,0.94335,0.94335,0.60763,0.36189,0.74715,0.39201,0.90386,0.36189,0.088411,0.25063,0.29244,0.72099,0.94335,0.39714,0.4522,0.90386,0.49897,0.088411,0.39201,0.4522,0.72099,0.94335,0.94335,0.65836,0.43726,0.74715
0.68615,NaN,0.47064,0.68615,0.32912,0.5224,0.55949,0.76099,0.42547,0.24664,0.092285,NaN,0.092285,0.7858,0.6305,0.37093,0.5224,0.1043,0.76099,0.6305,0.1466,0.16298,0.29053,0.55949,0.76099,0.76099,0.019077,0.24664,0.0039007,0.23724,1,0.019077,0.23724,0.58613,NaN,0.76099,0.49113,0.68615,0.76099,NaN,0.76099,0.58115,0.6305,0.22175,0.66198,0.46657,0.70419,0.25481,0.16298,0.58613,0.25481,0.46657,0.46657,0.5224,0.76099,0.66198,0.76099,0.68615,0.68615,0.66198,0.6305,0.97081,0.46657,0.056682,0.092285,0.66198,0.32912,0.37093,0.76099,0.32912,0.5224,0.5224,0.49113,0.78068,0.034891,0.46657,0.5224,0.76099,0.68615,0.68615,0.94288,0.19432,0.22175
0.54701,NaN,0.28057,0.097531,0.14266,0.69225,0.38358,0.65052,0.75805,0.42159,0.47312,NaN,0.87829,0.6857,0.30334,0.17961,0.33925,0.012976,0.65052,0.87829,0.82298,0.79314,0.11174,0.38358,0.65052,0.65052,0.28057,0.91509,0.82298,0.69225,0.019077,1,0.69225,0.41649,NaN,0.65052,0.30334,0.14266,0.028388,NaN,0.65052,0.80095,0.47312,0.38074,0.22834,0.8856,0.23273,0.086047,0.034206,0.41649,0.086047,0.27613,0.27613,0.69225,0.65052,0.22834,0.65052,0.097531,0.097531,0.51456,0.10631,0.064926,0.8856,0.051727,0.10631,0.51456,0.54701,0.80095,0.028388,0.097531,0.074495,0.69225,0.47312,0.023637,0.00097799,0.8856,0.33925,0.028388,0.54701,0.54701,0.30717,0.95658,0.32329
0.94335,NaN,0.074495,0.94335,0.25063,0.4522,1,0.0043649,0.42774,0.081114,0.24621,NaN,0.90386,0.26973,0.36189,0.82298,0.4522,0.26973,0.0043649,0.24621,0.00048928,0.57576,0.21317,0.033715,0.72099,0.72099,0.69225,0.52693,0.033616,0.010465,0.23724,0.69225,1,0.23724,NaN,0.0043649,0.24621,0.94335,0.72099,NaN,0.72099,0.29244,0.90386,0.43726,0.60763,0.39201,0.0612,0.35109,0.61909,0.5224,0.35109,0.034381,0.39201,0.4522,0.72099,0.60763,0.72099,0.19494,0.19494,0.60763,0.24621,0.43726,0.55024,0.90386,0.36189,0.088411,0.25063,0.29244,0.72099,0.25063,0.4522,0.4522,0.023637,0.15227,0.088411,0.39201,0.4522,0.72099,0.25063,0.25063,0.081114,0.74715,0.14963
0.068332,NaN,0.41649,0.32912,0.68615,0.23724,0.073324,0.76099,0.11355,0.24664,0.6305,NaN,0.092285,0.7858,0.6305,0.37093,0.23724,0.7858,0.76099,0.056682,0.88052,0.16298,0.7858,0.55949,0.76099,0.76099,0.019077,0.24664,0.88052,0.5224,0.58613,0.41649,0.23724,1,NaN,0.00057999,0.6305,0.32912,0.76099,NaN,0.76099,0.58115,0.49113,0.97081,0.66198,0.46657,0.11355,0.0039007,0.020644,0.58613,0.0039007,3.4413e-07,0.46657,0.5224,0.76099,0.66198,0.76099,0.68615,0.68615,0.66198,0.49113,0.19432,0.46657,0.6305,0.49113,0.66198,0.32912,0.37093,0.76099,0.32912,0.5224,0.5224,0.49113,0.36266,0.66198,0.46657,0.5224,0.76099,0.32912,0.32912,0.94288,0.97081,0.97081
NaN,NaN,NaN,NaN,NaN,NaN,NaN,NaN,NaN,NaN,NaN,NaN,NaN,NaN,NaN,NaN,NaN,NaN,NaN,NaN,NaN,NaN,NaN,NaN,NaN,NaN,NaN,NaN,NaN,NaN,NaN,NaN,NaN,NaN,NaN,NaN,NaN,NaN,NaN,NaN,NaN,NaN,NaN,NaN,NaN,NaN,NaN,NaN,NaN,NaN,NaN,NaN,NaN,NaN,NaN,NaN,NaN,NaN,NaN,NaN,NaN,NaN,NaN,NaN,NaN,NaN,NaN,NaN,NaN,NaN,NaN,NaN,NaN,NaN,NaN,NaN,NaN,NaN,NaN,NaN,NaN,NaN,NaN
0.58695,NaN,0.65052,0.58695,0.58695,0.72099,0.32481,0.86491,0.38243,0.17961,0.29586,NaN,0.35367,0.55663,0.35367,0.61814,0.72099,0.096018,0.86491,0.29586,0.12297,0.43987,0.55663,0.32481,0.86491,0.86491,0.028388,0.17961,0.12297,0.72099,0.76099,0.65052,0.0043649,0.00057999,NaN,1,0.29586,0.58695,0.86491,NaN,0.86491,0.61814,0.35367,0.49766,0.80693,0.68457,0.38243,0.12297,0.20858,0.76099,0.12297,0.013587,0.68457,0.72099,0.86491,0.80693,0.86491,0.070698,0.070698,0.80693,0.29586,0.15098,0.68457,0.35367,0.29586,0.80693,0.58695,0.61814,0.86491,0.58695,0.72099,0.72099,0.29586,0.23768,0.80693,0.68457,0.72099,0.86491,0.58695,0.58695,0.17961,0.49766,0.49766
0.54988,NaN,0.0031935,0.8544,0.8544,0.24621,0.50682,0.29586,0.96874,0.80693,0.094191,NaN,0.72548,0.17961,0.75499,0.56264,0.90386,0.17961,0.29586,0.75499,0.83088,0.042755,0.086324,0.50682,0.35367,0.35367,0.47312,0.80693,0.34412,0.90386,0.49113,0.30334,0.24621,0.6305,NaN,0.29586,1,0.00025256,0.29586,NaN,0.35367,0.053294,0.086264,0.40295,0.12962,0.5445,0.52942,0.83088,0.93618,0.6305,0.83088,0.5445,0.74149,0.24621,0.35367,0.12962,0.29586,0.0076634,0.0076634,0.9341,0.72548,0.40295,0.5445,0.32613,0.30685,0.9341,0.33185,0.56264,0.29586,0.8544,0.90386,0.90386,0.72548,0.28139,0.12962,0.20056,0.046182,0.29586,0.8544,0.8544,0.34569,0.40295,0.9007
0.41575,NaN,0.097531,0.076684,0.30106,0.19494,0.11227,0.070698,0.67776,0.50089,0.33185,NaN,0.33185,0.43412,0.54988,0.18673,0.19494,0.91734,0.070698,0.8544,0.7629,0.11279,0.32038,1,0.58695,0.58695,0.67379,0.33444,0.57956,0.94335,0.68615,0.14266,0.94335,0.32912,NaN,0.58695,0.00025256,1,0.58695,NaN,0.58695,0.10557,0.54988,0.7317,0.37828,0.36233,0.71194,0.57956,0.44894,0.68615,0.57956,0.36233,0.84619,0.19494,0.58695,0.37828,0.070698,0.91404,0.91404,0.37828,0.8544,0.62393,0.36233,0.33185,0.54988,0.43412,0.30106,0.18673,0.58695,0.91404,0.25063,0.19494,0.54988,0.81601,0.43412,0.19003,0.25063,0.58695,0.91404,0.91404,0.88571,0.7317,0.62393
0.070698,NaN,0.028388,0.070698,0.58695,0.0043649,0.32481,0.86491,0.38243,0.17961,0.35367,NaN,0.35367,0.096018,0.29586,0.61814,0.72099,0.096018,0.86491,0.29586,0.52693,0.43987,0.55663,0.32481,0.86491,0.86491,0.65052,0.17961,0.52693,0.72099,0.76099,0.028388,0.72099,0.76099,NaN,0.86491,0.29586,0.58695,1,NaN,0.86491,0.61814,0.35367,0.49766,4.8021e-06,0.013587,0.2668,0.52693,0.43987,0.76099,0.52693,0.68457,0.68457,0.0043649,0.86491,4.8021e-06,0.86491,0.070698,0.070698,0.80693,0.35367,0.49766,0.68457,0.35367,0.29586,0.80693,0.58695,0.61814,0.86491,0.070698,0.0043649,0.72099,0.35367,0.41115,0.80693,0.013587,0.72099,0,0.070698,0.070698,0.46868,0.49766,0.15098
NaN,NaN,NaN,NaN,NaN,NaN,NaN,NaN,NaN,NaN,NaN,NaN,NaN,NaN,NaN,NaN,NaN,NaN,NaN,NaN,NaN,NaN,NaN,NaN,NaN,NaN,NaN,NaN,NaN,NaN,NaN,NaN,NaN,NaN,NaN,NaN,NaN,NaN,NaN,NaN,NaN,NaN,NaN,NaN,NaN,NaN,NaN,NaN,NaN,NaN,NaN,NaN,NaN,NaN,NaN,NaN,NaN,NaN,NaN,NaN,NaN,NaN,NaN,NaN,NaN,NaN,NaN,NaN,NaN,NaN,NaN,NaN,NaN,NaN,NaN,NaN,NaN,NaN,NaN,NaN,NaN,NaN,NaN
0.58695,NaN,0.65052,0.58695,0.58695,0.72099,0.32481,0.86491,0.2668,0.46868,0.29586,NaN,0.29586,0.55663,0.35367,0.61814,0.72099,0.55663,0.86491,0.35367,0.52693,0.20858,0.096018,0.32481,0.86491,0.86491,0.65052,0.46868,0.52693,0.72099,0.76099,0.65052,0.72099,0.76099,NaN,0.86491,0.35367,0.58695,0.86491,NaN,1,0.047814,0.35367,0.15098,0.80693,0.68457,0.38243,0.52693,0.43987,0.76099,0.52693,0.68457,0.68457,0.72099,0.86491,0.80693,0.86491,0.58695,0.58695,0.80693,0.29586,0.15098,0.68457,0.35367,0.29586,0.80693,0.58695,0.61814,0.86491,0.58695,0.72099,0.72099,0.29586,0.23768,0.80693,0.68457,0.72099,0.86491,0.58695,0.58695,0.17961,0.49766,0.49766
0.18673,NaN,0.17961,0.18673,0.73384,0.29244,0.21504,0.61814,0.94216,0.68727,0.8098,NaN,0.053294,0.078912,0.56264,0.1387,0.12896,0.28407,0.61814,0.8098,0.39635,0.78565,0.28407,0.21504,0.047814,0.047814,0.80095,0.68727,0.95796,0.82298,0.58115,0.80095,0.29244,0.58115,NaN,0.61814,0.053294,0.10557,0.61814,NaN,0.047814,1,0.021015,0.265,0.47312,0.97295,0.94216,0.33925,0.56882,0.58115,0.33925,0.97295,0.23002,0.29244,0.61814,0.47312,0.61814,0.10557,0.10557,0.30334,0.8098,0.81723,0.97295,0.8098,0.8098,0.30334,0.10557,0.1387,0.61814,0.73384,0.12896,0.29244,0.56264,0.35051,0.47312,0.97295,0.82298,0.61814,0.53215,0.53215,0.68727,0.12278,0.265
0.8544,NaN,0.47312,0.8544,0.8544,0.90386,1,0.29586,0.47888,0.65376,0.32613,NaN,0.75499,0.85995,0.75499,0.8098,0.24621,0.35109,0.29586,0.75499,0.34412,0.19418,0.17961,0.50682,0.29586,0.29586,0.87829,0.65376,0.83088,0.90386,0.6305,0.47312,0.90386,0.49113,NaN,0.35367,0.086264,0.54988,0.35367,NaN,0.35367,0.021015,1,0.0001386,0.9341,0.5445,0.16374,0.83088,0.93618,0.6305,0.83088,0.11681,0.20056,0.046182,0.35367,0.17961,0.35367,0.1623,0.1623,0.9341,0.72548,0.40295,0.5445,0.75499,0.30685,0.12962,0.8544,0.8098,0.29586,0.1623,0.90386,0.046182,0.32613,0.33925,0.9341,0.74149,0.90386,0.35367,0.54988,0.54988,0.24933,0.038998,0.40295
0.18019,NaN,0.95658,0.18019,0.62393,0.43726,0.070204,0.15098,0.91676,0.51327,0.038998,NaN,0.003929,0.38117,0.40295,0.51969,0.74715,0.014682,0.15098,0.9007,0.85537,0.035681,0.087405,0.72392,0.49766,0.49766,0.95658,0.51327,0.85537,0.74715,0.22175,0.38074,0.43726,0.97081,NaN,0.49766,0.40295,0.7317,0.49766,NaN,0.15098,0.265,0.0001386,1,0.59577,0.7029,0.035815,0.55258,0.88114,0.22175,0.55258,0.16187,0.53706,0.14963,0.49766,0.32817,0.49766,0.62393,0.62393,0.32817,0.55936,0.73908,0.7029,0.9007,0.9007,0.59577,0.23497,0.51969,0.15098,0.025116,0.14963,0.14963,0.1913,0.28736,0.59577,0.53706,0.74715,0.49766,0.62393,0.62393,0.93077,0.73908,0.67294
0.37828,NaN,0.00097799,0.37828,0.37828,7.9762e-06,1,0.80693,0.86794,0.66541,0.9341,NaN,0.9341,0.014233,0.9341,0.30334,0.088411,0.4522,0.80693,0.9341,0.36189,0.73384,0.4522,1,0.80693,0.80693,0.51456,0.66541,0.36189,0.60763,0.66198,0.22834,0.60763,0.66198,NaN,0.80693,0.12962,0.37828,4.8021e-06,NaN,0.80693,0.47312,0.9341,0.59577,1,0.00016511,0.10696,0.52472,0.73384,0.66198,0.52472,0.15535,0.55906,0.088411,0.80693,0.0051699,0.80693,0.37828,0.37828,0.72548,0.17961,0.32817,0.55906,0.9341,0.9341,0.72548,0.37828,0.30334,0.80693,0.37828,0.088411,0.60763,0.17961,0.23515,0.72548,0.15535,0.60763,4.8021e-06,0.37828,0.37828,0.29586,0.59577,0.59577
0.36233,NaN,0.16528,0.84619,0.36233,0.034381,0.15535,0.68457,0.25269,0.45373,0.5445,NaN,0.20056,0.47297,0.74149,0.25836,0.034381,0.47297,0.68457,0.5445,0.12537,0.038289,0.47297,0.15535,0.68457,0.013587,0.27613,0.45373,0.62959,0.55024,0.46657,0.8856,0.39201,0.46657,NaN,0.68457,0.5445,0.36233,0.013587,NaN,0.68457,0.97295,0.5445,0.7029,0.00016511,1,0.0053265,0.58723,0.29233,0.35517,0.58723,0.7273,0.7273,0.55024,0.68457,0.15535,0.68457,0.84619,0.84619,0.15535,0.74149,0.7029,0.32953,0.74149,0.5445,0.55906,0.84619,0.97295,0.68457,0.038202,0.034381,0.55024,0.74149,0.95557,0.55906,0.088559,0.55024,0.013587,0.84619,0.84619,0.45373,0.7029,0.7029
0.71194,NaN,0.23273,0.67776,0.045685,0.19646,0.31467,0.38243,0.79783,0.83781,0.16374,NaN,0.16374,0.98232,0.96874,0.10866,0.19646,0.43567,0.38243,0.16374,0.76366,0.85625,0.46259,0.31467,0.38243,0.2668,0.57156,0.62269,0.76366,0.80807,0.70419,0.23273,0.0612,0.11355,NaN,0.38243,0.52942,0.71194,0.2668,NaN,0.38243,0.94216,0.16374,0.035815,0.10696,0.0053265,1,0.29881,0.61421,0.42547,0.29881,0.25269,0.8467,0.80807,0.38243,0.10696,0.38243,0.67776,0.67776,0.86794,0.47888,0.91676,0.25269,0.96874,0.52942,0.20672,0.24397,0.10866,0.38243,0.045685,0.015761,0.80807,0.003922,0.025653,0.20672,0.8467,0.42774,0.2668,0.71194,0.71194,0.10312,0.41247,0.41247
0.57956,NaN,0.23515,0.24274,0.15279,0.35109,1,0.12297,0.29881,0.72099,0.34412,NaN,0.60763,0.046182,0.20993,0.39635,0.35109,0.59432,0.12297,0.088411,0.4522,0.89531,0.77179,0.46682,0.52693,0.52693,0.82298,0.68777,0.11547,0.17961,0.25481,0.086047,0.35109,0.0039007,NaN,0.12297,0.83088,0.57956,0.52693,NaN,0.52693,0.33925,0.83088,0.55258,0.52472,0.58723,0.29881,1,2.8646e-09,0.25481,0,4.0719e-05,4.0719e-05,0.17961,0.52693,0.36189,0.52693,0.7629,0.7629,0.52472,0.088411,0.16524,0.58723,0.60763,0.34412,0.36189,0.24274,0.33925,0.52693,0.24274,0.17961,0.84265,0.34412,0.15924,0.36189,0.58723,0.35109,0.52693,0.7629,0.7629,0.26008,0.33517,0.85537
0.44894,NaN,0.52804,0.091751,0.44894,0.11377,0.73384,0.20858,0.2298,0.7696,0.54701,NaN,0.93618,0.2246,0.14266,0.78565,0.0056958,0.26237,0.20858,0.19418,0.538,0.9836,0.66652,0.73384,0.43987,0.20858,0.79314,0.67541,0.16753,0.57576,0.16298,0.034206,0.61909,0.020644,NaN,0.20858,0.93618,0.44894,0.43987,NaN,0.43987,0.56882,0.93618,0.88114,0.73384,0.29233,0.61421,2.8646e-09,1,0.020644,2.8646e-09,0.0013385,0.0013385,0.57576,0.20858,0.26486,0.43987,0.96243,0.96243,0.73384,0.54701,0.56315,0.93255,0.54701,0.93618,0.26486,0.39373,0.56882,0.43987,0.96243,0.57576,0.61909,0.93618,0.65463,0.26486,0.93255,0.61909,0.43987,0.96243,0.96243,0.7696,0.88114,0.88114
0.68615,NaN,0.41649,0.32912,0.32912,0.23724,0.55949,0.76099,0.70419,0.94288,0.6305,NaN,0.49113,0.29053,0.6305,0.37093,0.0012618,0.29053,0.76099,0.6305,0.88052,0.86016,0.7858,0.55949,0.76099,0.00057999,0.41649,0.94288,0.88052,0.23724,0.58613,0.41649,0.5224,0.58613,NaN,0.76099,0.6305,0.68615,0.76099,NaN,0.76099,0.58115,0.6305,0.22175,0.66198,0.35517,0.42547,0.25481,0.020644,1,0.25481,0.46657,0.46657,0.23724,0.00057999,0.66198,0.76099,0.68615,0.68615,0.66198,0.092285,0.22175,0.46657,0.056682,0.092285,0.66198,0.68615,0.58115,0.76099,0.068332,0.23724,0.23724,0.092285,0.13711,0.66198,0.46657,0.5224,0.76099,0.68615,0.68615,0.19117,0.19432,0.97081
0.57956,NaN,0.23515,0.24274,0.15279,0.35109,1,0.12297,0.29881,0.72099,0.34412,NaN,0.60763,0.046182,0.20993,0.39635,0.35109,0.59432,0.12297,0.088411,0.4522,0.89531,0.77179,0.46682,0.52693,0.52693,0.82298,0.68777,0.11547,0.17961,0.25481,0.086047,0.35109,0.0039007,NaN,0.12297,0.83088,0.57956,0.52693,NaN,0.52693,0.33925,0.83088,0.55258,0.52472,0.58723,0.29881,0,2.8646e-09,0.25481,1,4.0719e-05,4.0719e-05,0.17961,0.52693,0.36189,0.52693,0.7629,0.7629,0.52472,0.088411,0.16524,0.58723,0.60763,0.34412,0.36189,0.24274,0.33925,0.52693,0.24274,0.17961,0.84265,0.34412,0.15924,0.36189,0.58723,0.35109,0.52693,0.7629,0.7629,0.26008,0.33517,0.85537
0.36233,NaN,0.16528,0.19003,0.36233,0.034381,0.64055,0.013587,0.25269,0.22278,0.5445,NaN,0.74149,0.069059,0.20056,0.97295,0.034381,0.73225,0.013587,0.11681,0.58723,0.93255,0.47297,0.64055,0.68457,0.68457,0.16528,0.8184,0.62959,0.39201,0.46657,0.27613,0.034381,3.4413e-07,NaN,0.013587,0.5445,0.36233,0.68457,NaN,0.68457,0.97295,0.11681,0.16187,0.15535,0.7273,0.25269,4.0719e-05,0.0013385,0.46657,4.0719e-05,1,0.32953,0.39201,0.68457,0.55906,0.68457,0.84619,0.84619,0.55906,0.5445,0.7029,0.7273,0.5445,0.74149,0.55906,0.84619,0.97295,0.68457,0.19003,0.39201,0.39201,0.5445,0.36966,0.55906,0.32953,0.39201,0.68457,0.19003,0.19003,0.8184,0.7029,0.53706
0.84619,NaN,0.8856,0.84619,0.36233,0.39201,0.64055,0.68457,0.8467,0.45373,0.5445,NaN,0.74149,0.47297,0.74149,0.25836,0.39201,0.73225,0.68457,0.5445,0.12537,0.93255,0.73225,0.64055,0.68457,0.68457,0.27613,0.45373,0.12537,0.39201,0.46657,0.27613,0.39201,0.46657,NaN,0.68457,0.74149,0.84619,0.68457,NaN,0.68457,0.23002,0.20056,0.53706,0.55906,0.7273,0.8467,4.0719e-05,0.0013385,0.46657,4.0719e-05,0.32953,1,0.39201,0.68457,0.55906,0.68457,0.84619,0.84619,0.15535,0.11681,0.16187,0.7273,0.20056,0.11681,0.55906,0.19003,0.23002,0.68457,0.84619,0.39201,0.55024,0.5445,0.36966,0.55906,0.088559,0.034381,0.68457,0.36233,0.36233,0.22278,0.099629,0.7029
0.19494,NaN,0.074495,0.94335,0.94335,0.39714,1,0.72099,0.80807,0.65836,0.36189,NaN,0.90386,0.26973,0.24621,0.82298,0.4522,0.26973,0.72099,0.90386,0.17961,0.57576,0.94553,1,0.72099,0.72099,0.33925,0.52693,0.84265,0.39714,0.5224,0.69225,0.4522,0.5224,NaN,0.72099,0.24621,0.19494,0.0043649,NaN,0.72099,0.29244,0.046182,0.14963,0.088411,0.55024,0.80807,0.17961,0.57576,0.23724,0.17961,0.39201,0.39201,1,0.0043649,7.9762e-06,0.0043649,0.19494,0.19494,0.60763,0.046182,0.14963,0.39201,0.36189,0.24621,0.60763,0.25063,0.29244,0.72099,0.0086821,0.39714,0.010465,0.046182,0.078912,0.60763,0.55024,0.4522,0.0043649,2.3195e-05,2.3195e-05,0.12297,0.14963,0.0013298
0.58695,NaN,0.65052,0.58695,0.58695,0.72099,0.32481,0.86491,0.2668,0.46868,0.35367,NaN,0.29586,0.55663,0.35367,0.61814,0.72099,0.55663,0.86491,0.35367,0.52693,0.43987,0.096018,0.32481,0.86491,0.86491,0.65052,0.46868,0.52693,0.72099,0.76099,0.65052,0.72099,0.76099,NaN,0.86491,0.35367,0.58695,0.86491,NaN,0.86491,0.61814,0.35367,0.49766,0.80693,0.68457,0.38243,0.52693,0.20858,0.00057999,0.52693,0.68457,0.68457,0.0043649,1,0.80693,0.86491,0.58695,0.58695,0.80693,0.35367,0.49766,0.68457,0.29586,0.35367,0.80693,0.58695,0.61814,0.86491,0.070698,0.72099,0.0043649,0.35367,0.41115,0.80693,0.68457,0.72099,0.86491,0.070698,0.070698,0.46868,0.49766,0.15098
0.007474,NaN,0.00097799,0.37828,0.37828,0.088411,0.15388,0.80693,0.86794,0.66541,0.17961,NaN,0.17961,0.014233,0.12962,0.30334,0.60763,0.014233,0.80693,0.9341,0.36189,0.26486,0.39714,1,0.80693,0.80693,0.51456,0.050206,0.52472,0.088411,0.66198,0.22834,0.60763,0.66198,NaN,0.80693,0.12962,0.37828,4.8021e-06,NaN,0.80693,0.47312,0.17961,0.32817,0.0051699,0.15535,0.10696,0.36189,0.26486,0.66198,0.36189,0.55906,0.55906,7.9762e-06,0.80693,1,0.80693,0.37828,0.37828,0.72548,0.17961,0.32817,0.55906,0.17961,0.12962,0.72548,0.43412,0.47312,0.80693,0.37828,0.088411,0.60763,0.17961,0.23515,0.72548,0.15535,0.60763,4.8021e-06,0.007474,0.007474,0.29586,0.32817,0.03567
0.58695,NaN,0.65052,0.58695,0.58695,0.72099,0.32481,0.86491,0.38243,0.46868,0.29586,NaN,0.29586,0.55663,0.29586,0.61814,0.72099,0.55663,0.86491,0.29586,0.52693,0.20858,0.55663,0.32481,0.86491,0.86491,0.65052,0.46868,0.52693,0.72099,0.76099,0.65052,0.72099,0.76099,NaN,0.86491,0.29586,0.070698,0.86491,NaN,0.86491,0.61814,0.35367,0.49766,0.80693,0.68457,0.38243,0.52693,0.43987,0.76099,0.52693,0.68457,0.68457,0.0043649,0.86491,0.80693,1,0.070698,0.070698,0.80693,0.35367,0.49766,0.68457,0.35367,0.29586,0.80693,0.58695,0.61814,0.86491,0.070698,0.72099,0.0043649,0.35367,0.41115,0.80693,0.68457,0.72099,0.86491,0.070698,0.070698,0.46868,0.49766,0.15098
0.91404,NaN,0.097531,0.91404,0.41575,0.19494,0.43412,0.58695,0.67776,0.068858,0.33185,NaN,0.8544,0.43412,0.54988,0.53215,0.94335,0.43412,0.58695,0.8544,0.15279,0.44894,0.32038,0.014398,0.58695,0.58695,0.67379,0.88571,0.7629,0.94335,0.68615,0.097531,0.19494,0.68615,NaN,0.070698,0.0076634,0.91404,0.070698,NaN,0.58695,0.10557,0.1623,0.62393,0.37828,0.84619,0.67776,0.7629,0.96243,0.68615,0.7629,0.84619,0.84619,0.19494,0.58695,0.37828,0.070698,1,0,0.43412,0.1623,0.62393,0.19003,0.8544,0.8544,0.43412,0.91404,0.53215,0.070698,0.91404,0.94335,0.94335,0.8544,0.30206,0.007474,0.84619,0.25063,0.070698,0.30106,0.30106,0.50089,0.7317,0.7317
0.91404,NaN,0.097531,0.91404,0.41575,0.19494,0.43412,0.58695,0.67776,0.068858,0.33185,NaN,0.8544,0.43412,0.54988,0.53215,0.94335,0.43412,0.58695,0.8544,0.15279,0.44894,0.32038,0.014398,0.58695,0.58695,0.67379,0.88571,0.7629,0.94335,0.68615,0.097531,0.19494,0.68615,NaN,0.070698,0.0076634,0.91404,0.070698,NaN,0.58695,0.10557,0.1623,0.62393,0.37828,0.84619,0.67776,0.7629,0.96243,0.68615,0.7629,0.84619,0.84619,0.19494,0.58695,0.37828,0.070698,0,1,0.43412,0.1623,0.62393,0.19003,0.8544,0.8544,0.43412,0.91404,0.53215,0.070698,0.91404,0.94335,0.94335,0.8544,0.30206,0.007474,0.84619,0.25063,0.070698,0.30106,0.30106,0.50089,0.7317,0.7317
0.43412,NaN,0.51456,0.37828,0.37828,0.60763,0.15388,0.80693,0.20672,0.66541,0.9341,NaN,0.17961,0.39714,0.9341,0.30334,0.60763,0.014233,0.80693,0.12962,0.52472,0.73384,0.39714,1,4.8021e-06,0.80693,0.51456,0.29586,0.36189,0.60763,0.66198,0.51456,0.60763,0.66198,NaN,0.80693,0.9341,0.37828,0.80693,NaN,0.80693,0.30334,0.9341,0.32817,0.72548,0.15535,0.86794,0.52472,0.73384,0.66198,0.52472,0.55906,0.15535,0.60763,0.80693,0.72548,0.80693,0.43412,0.43412,1,0.9341,0.59577,0.55906,0.17961,0.12962,0.72548,0.43412,0.47312,0.80693,0.37828,0.60763,0.088411,0.12962,0.086047,0.72548,0.15535,0.088411,0.80693,0.43412,0.43412,0.66541,0.59577,0.32817
0.54988,NaN,0.47312,0.54988,0.8544,0.36189,1,0.29586,0.96874,0.24933,0.32613,NaN,0.30685,0.85995,0.30685,0.56264,0.046182,0.85995,0.29586,0.72548,0.60763,0.54701,0.85995,0.50682,0.35367,0.35367,0.30334,0.34569,0.60763,0.36189,0.6305,0.10631,0.24621,0.49113,NaN,0.29586,0.72548,0.8544,0.35367,NaN,0.29586,0.8098,0.72548,0.55936,0.17961,0.74149,0.47888,0.088411,0.54701,0.092285,0.088411,0.5445,0.11681,0.046182,0.35367,0.17961,0.35367,0.1623,0.1623,0.9341,1,8.0131e-07,0.0091409,0.086264,0.32613,0.12962,0.54988,0.8098,0.35367,0.54988,0.36189,0.90386,0.0013374,3.4274e-05,0.17961,0.5445,0.24621,0.35367,0.024932,0.024932,0.0010656,0.11666,0.11666
0.7317,NaN,0.38074,0.62393,0.23497,0.74715,0.72392,0.49766,0.91676,0.51327,0.9007,NaN,0.11666,0.46393,0.11666,0.12278,0.14963,0.46393,0.49766,0.40295,0.85537,0.88114,0.94373,0.72392,0.49766,0.49766,0.32329,0.11061,0.85537,0.74715,0.97081,0.064926,0.43726,0.19432,NaN,0.15098,0.40295,0.62393,0.49766,NaN,0.15098,0.81723,0.40295,0.73908,0.32817,0.7029,0.91676,0.16524,0.56315,0.22175,0.16524,0.7029,0.16187,0.14963,0.49766,0.32817,0.49766,0.62393,0.62393,0.59577,8.0131e-07,1,0.099629,0.019049,0.038998,0.59577,0.18019,0.265,0.49766,0.62393,0.74715,0.74715,0.003929,0.00041972,0.32817,0.7029,0.43726,0.49766,0.18019,0.18019,0.015988,0.23441,0.23441
0.19003,NaN,0.8856,0.84619,0.19003,0.39201,0.64055,0.013587,0.8467,0.45373,0.11681,NaN,0.5445,0.47297,0.5445,0.23002,0.39201,0.47297,0.013587,0.5445,0.62959,0.29233,0.73225,0.15535,0.68457,0.68457,0.8856,0.45373,0.62959,0.39201,0.46657,0.8856,0.55024,0.46657,NaN,0.68457,0.5445,0.36233,0.68457,NaN,0.68457,0.97295,0.5445,0.7029,0.55906,0.32953,0.25269,0.58723,0.93255,0.46657,0.58723,0.7273,0.7273,0.39201,0.68457,0.55906,0.68457,0.19003,0.19003,0.55906,0.0091409,0.099629,1,0.5445,0.20056,0.15535,0.36233,0.25836,0.68457,0.84619,0.39201,0.55024,0.5445,0.36966,0.55906,0.7273,0.55024,0.68457,0.19003,0.19003,0.22278,0.53706,0.53706
0.8544,NaN,0.87829,0.54988,0.1623,0.90386,0.17961,0.29586,0.18994,0.34569,0.72548,NaN,0.094191,0.35109,0.72548,0.053294,0.023637,0.35109,0.29586,0.30685,0.34412,0.54701,0.85995,0.50682,0.35367,0.29586,0.87829,0.65376,0.34412,0.90386,0.056682,0.051727,0.90386,0.6305,NaN,0.35367,0.32613,0.33185,0.35367,NaN,0.35367,0.8098,0.75499,0.9007,0.9341,0.74149,0.96874,0.60763,0.54701,0.056682,0.60763,0.5445,0.20056,0.36189,0.29586,0.17961,0.35367,0.8544,0.8544,0.17961,0.086264,0.019049,0.5445,1,2.2142e-12,0.17961,0.073879,0.15627,0.29586,0.8544,0.90386,0.90386,0.30685,0.074495,0.12962,0.20056,0.36189,0.35367,0.1623,0.1623,0.65376,0.1913,0.40295
